"STATION","DATE","LATITUDE","LONGITUDE","ELEVATION","NAME","month","day","hour","MLY-TAVG-NORMAL","meas_flag_MLY-TAVG-NORMAL","comp_flag_MLY-TAVG-NORMAL","years_MLY-TAVG-NORMAL","MLY-TMAX-NORMAL","meas_flag_MLY-TMAX-NORMAL","comp_flag_MLY-TMAX-NORMAL","years_MLY-TMAX-NORMAL","MLY-TMIN-NORMAL","meas_flag_MLY-TMIN-NORMAL","comp_flag_MLY-TMIN-NORMAL","years_MLY-TMIN-NORMAL","MLY-DUTR-NORMAL","meas_flag_MLY-DUTR-NORMAL","comp_flag_MLY-DUTR-NORMAL","years_MLY-DUTR-NORMAL","MLY-TAVG-STDDEV","meas_flag_MLY-TAVG-STDDEV","comp_flag_MLY-TAVG-STDDEV","years_MLY-TAVG-STDDEV","MLY-TMAX-STDDEV","meas_flag_MLY-TMAX-STDDEV","comp_flag_MLY-TMAX-STDDEV","years_MLY-TMAX-STDDEV","MLY-TMIN-STDDEV","meas_flag_MLY-TMIN-STDDEV","comp_flag_MLY-TMIN-STDDEV","years_MLY-TMIN-STDDEV","MLY-DUTR-STDDEV","meas_flag_MLY-DUTR-STDDEV","comp_flag_MLY-DUTR-STDDEV","years_MLY-DUTR-STDDEV","MLY-TMIN-AVGNDS-LSTH000","meas_flag_MLY-TMIN-AVGNDS-LSTH000","comp_flag_MLY-TMIN-AVGNDS-LSTH000","years_MLY-TMIN-AVGNDS-LSTH000","MLY-TMIN-AVGNDS-LSTH010","meas_flag_MLY-TMIN-AVGNDS-LSTH010","comp_flag_MLY-TMIN-AVGNDS-LSTH010","years_MLY-TMIN-AVGNDS-LSTH010","MLY-TMIN-AVGNDS-LSTH020","meas_flag_MLY-TMIN-AVGNDS-LSTH020","comp_flag_MLY-TMIN-AVGNDS-LSTH020","years_MLY-TMIN-AVGNDS-LSTH020","MLY-TMIN-AVGNDS-LSTH032","meas_flag_MLY-TMIN-AVGNDS-LSTH032","comp_flag_MLY-TMIN-AVGNDS-LSTH032","years_MLY-TMIN-AVGNDS-LSTH032","MLY-TMIN-AVGNDS-LSTH040","meas_flag_MLY-TMIN-AVGNDS-LSTH040","comp_flag_MLY-TMIN-AVGNDS-LSTH040","years_MLY-TMIN-AVGNDS-LSTH040","MLY-TMIN-AVGNDS-LSTH050","meas_flag_MLY-TMIN-AVGNDS-LSTH050","comp_flag_MLY-TMIN-AVGNDS-LSTH050","years_MLY-TMIN-AVGNDS-LSTH050","MLY-TMIN-AVGNDS-LSTH060","meas_flag_MLY-TMIN-AVGNDS-LSTH060","comp_flag_MLY-TMIN-AVGNDS-LSTH060","years_MLY-TMIN-AVGNDS-LSTH060","MLY-TMIN-AVGNDS-LSTH070","meas_flag_MLY-TMIN-AVGNDS-LSTH070","comp_flag_MLY-TMIN-AVGNDS-LSTH070","years_MLY-TMIN-AVGNDS-LSTH070","MLY-TMAX-AVGNDS-GRTH032","meas_flag_MLY-TMAX-AVGNDS-GRTH032","comp_flag_MLY-TMAX-AVGNDS-GRTH032","years_MLY-TMAX-AVGNDS-GRTH032","MLY-TMAX-AVGNDS-GRTH040","meas_flag_MLY-TMAX-AVGNDS-GRTH040","comp_flag_MLY-TMAX-AVGNDS-GRTH040","years_MLY-TMAX-AVGNDS-GRTH040","MLY-TMAX-AVGNDS-GRTH050","meas_flag_MLY-TMAX-AVGNDS-GRTH050","comp_flag_MLY-TMAX-AVGNDS-GRTH050","years_MLY-TMAX-AVGNDS-GRTH050","MLY-TMAX-AVGNDS-GRTH060","meas_flag_MLY-TMAX-AVGNDS-GRTH060","comp_flag_MLY-TMAX-AVGNDS-GRTH060","years_MLY-TMAX-AVGNDS-GRTH060","MLY-TMAX-AVGNDS-GRTH070","meas_flag_MLY-TMAX-AVGNDS-GRTH070","comp_flag_MLY-TMAX-AVGNDS-GRTH070","years_MLY-TMAX-AVGNDS-GRTH070","MLY-TMAX-AVGNDS-GRTH080","meas_flag_MLY-TMAX-AVGNDS-GRTH080","comp_flag_MLY-TMAX-AVGNDS-GRTH080","years_MLY-TMAX-AVGNDS-GRTH080","MLY-TMAX-AVGNDS-GRTH090","meas_flag_MLY-TMAX-AVGNDS-GRTH090","comp_flag_MLY-TMAX-AVGNDS-GRTH090","years_MLY-TMAX-AVGNDS-GRTH090","MLY-TMAX-AVGNDS-GRTH100","meas_flag_MLY-TMAX-AVGNDS-GRTH100","comp_flag_MLY-TMAX-AVGNDS-GRTH100","years_MLY-TMAX-AVGNDS-GRTH100","MLY-TMAX-AVGNDS-LSTH032","meas_flag_MLY-TMAX-AVGNDS-LSTH032","comp_flag_MLY-TMAX-AVGNDS-LSTH032","years_MLY-TMAX-AVGNDS-LSTH032","MLY-HTDD-NORMAL","meas_flag_MLY-HTDD-NORMAL","comp_flag_MLY-HTDD-NORMAL","years_MLY-HTDD-NORMAL","MLY-HTDD-BASE40","meas_flag_MLY-HTDD-BASE40","comp_flag_MLY-HTDD-BASE40","years_MLY-HTDD-BASE40","MLY-HTDD-BASE45","meas_flag_MLY-HTDD-BASE45","comp_flag_MLY-HTDD-BASE45","years_MLY-HTDD-BASE45","MLY-HTDD-BASE50","meas_flag_MLY-HTDD-BASE50","comp_flag_MLY-HTDD-BASE50","years_MLY-HTDD-BASE50","MLY-HTDD-BASE55","meas_flag_MLY-HTDD-BASE55","comp_flag_MLY-HTDD-BASE55","years_MLY-HTDD-BASE55","MLY-HTDD-BASE57","meas_flag_MLY-HTDD-BASE57","comp_flag_MLY-HTDD-BASE57","years_MLY-HTDD-BASE57","MLY-HTDD-BASE60","meas_flag_MLY-HTDD-BASE60","comp_flag_MLY-HTDD-BASE60","years_MLY-HTDD-BASE60","MLY-CLDD-NORMAL","meas_flag_MLY-CLDD-NORMAL","comp_flag_MLY-CLDD-NORMAL","years_MLY-CLDD-NORMAL","MLY-CLDD-BASE40","meas_flag_MLY-CLDD-BASE40","comp_flag_MLY-CLDD-BASE40","years_MLY-CLDD-BASE40","MLY-CLDD-BASE45","meas_flag_MLY-CLDD-BASE45","comp_flag_MLY-CLDD-BASE45","years_MLY-CLDD-BASE45","MLY-CLDD-BASE50","meas_flag_MLY-CLDD-BASE50","comp_flag_MLY-CLDD-BASE50","years_MLY-CLDD-BASE50","MLY-CLDD-BASE55","meas_flag_MLY-CLDD-BASE55","comp_flag_MLY-CLDD-BASE55","years_MLY-CLDD-BASE55","MLY-CLDD-BASE57","meas_flag_MLY-CLDD-BASE57","comp_flag_MLY-CLDD-BASE57","years_MLY-CLDD-BASE57","MLY-CLDD-BASE60","meas_flag_MLY-CLDD-BASE60","comp_flag_MLY-CLDD-BASE60","years_MLY-CLDD-BASE60","MLY-CLDD-BASE70","meas_flag_MLY-CLDD-BASE70","comp_flag_MLY-CLDD-BASE70","years_MLY-CLDD-BASE70","MLY-CLDD-BASE72","meas_flag_MLY-CLDD-BASE72","comp_flag_MLY-CLDD-BASE72","years_MLY-CLDD-BASE72","MLY-GRDD-BASE65","meas_flag_MLY-GRDD-BASE65","comp_flag_MLY-GRDD-BASE65","years_MLY-GRDD-BASE65","MLY-GRDD-BASE40","meas_flag_MLY-GRDD-BASE40","comp_flag_MLY-GRDD-BASE40","years_MLY-GRDD-BASE40","MLY-GRDD-BASE45","meas_flag_MLY-GRDD-BASE45","comp_flag_MLY-GRDD-BASE45","years_MLY-GRDD-BASE45","MLY-GRDD-BASE50","meas_flag_MLY-GRDD-BASE50","comp_flag_MLY-GRDD-BASE50","years_MLY-GRDD-BASE50","MLY-GRDD-BASE55","meas_flag_MLY-GRDD-BASE55","comp_flag_MLY-GRDD-BASE55","years_MLY-GRDD-BASE55","MLY-GRDD-BASE57","meas_flag_MLY-GRDD-BASE57","comp_flag_MLY-GRDD-BASE57","years_MLY-GRDD-BASE57","MLY-GRDD-BASE60","meas_flag_MLY-GRDD-BASE60","comp_flag_MLY-GRDD-BASE60","years_MLY-GRDD-BASE60","MLY-GRDD-BASE70","meas_flag_MLY-GRDD-BASE70","comp_flag_MLY-GRDD-BASE70","years_MLY-GRDD-BASE70","MLY-GRDD-BASE72","meas_flag_MLY-GRDD-BASE72","comp_flag_MLY-GRDD-BASE72","years_MLY-GRDD-BASE72","MLY-GRDD-TB4886","meas_flag_MLY-GRDD-TB4886","comp_flag_MLY-GRDD-TB4886","years_MLY-GRDD-TB4886","MLY-GRDD-TB5086","meas_flag_MLY-GRDD-TB5086","comp_flag_MLY-GRDD-TB5086","years_MLY-GRDD-TB5086","MLY-TMIN-PRBOCC-LSTH016","meas_flag_MLY-TMIN-PRBOCC-LSTH016","comp_flag_MLY-TMIN-PRBOCC-LSTH016","years_MLY-TMIN-PRBOCC-LSTH016","MLY-TMIN-PRBOCC-LSTH020","meas_flag_MLY-TMIN-PRBOCC-LSTH020","comp_flag_MLY-TMIN-PRBOCC-LSTH020","years_MLY-TMIN-PRBOCC-LSTH020","MLY-TMIN-PRBOCC-LSTH024","meas_flag_MLY-TMIN-PRBOCC-LSTH024","comp_flag_MLY-TMIN-PRBOCC-LSTH024","years_MLY-TMIN-PRBOCC-LSTH024","MLY-TMIN-PRBOCC-LSTH028","meas_flag_MLY-TMIN-PRBOCC-LSTH028","comp_flag_MLY-TMIN-PRBOCC-LSTH028","years_MLY-TMIN-PRBOCC-LSTH028","MLY-TMIN-PRBOCC-LSTH032","meas_flag_MLY-TMIN-PRBOCC-LSTH032","comp_flag_MLY-TMIN-PRBOCC-LSTH032","years_MLY-TMIN-PRBOCC-LSTH032","MLY-TMIN-PRBOCC-LSTH036","meas_flag_MLY-TMIN-PRBOCC-LSTH036","comp_flag_MLY-TMIN-PRBOCC-LSTH036","years_MLY-TMIN-PRBOCC-LSTH036","MLY-PRCP-NORMAL","meas_flag_MLY-PRCP-NORMAL","comp_flag_MLY-PRCP-NORMAL","years_MLY-PRCP-NORMAL","MLY-PRCP-AVGNDS-GE001HI","meas_flag_MLY-PRCP-AVGNDS-GE001HI","comp_flag_MLY-PRCP-AVGNDS-GE001HI","years_MLY-PRCP-AVGNDS-GE001HI","MLY-PRCP-AVGNDS-GE010HI","meas_flag_MLY-PRCP-AVGNDS-GE010HI","comp_flag_MLY-PRCP-AVGNDS-GE010HI","years_MLY-PRCP-AVGNDS-GE010HI","MLY-PRCP-AVGNDS-GE025HI","meas_flag_MLY-PRCP-AVGNDS-GE025HI","comp_flag_MLY-PRCP-AVGNDS-GE025HI","years_MLY-PRCP-AVGNDS-GE025HI","MLY-PRCP-AVGNDS-GE050HI","meas_flag_MLY-PRCP-AVGNDS-GE050HI","comp_flag_MLY-PRCP-AVGNDS-GE050HI","years_MLY-PRCP-AVGNDS-GE050HI","MLY-PRCP-AVGNDS-GE100HI","meas_flag_MLY-PRCP-AVGNDS-GE100HI","comp_flag_MLY-PRCP-AVGNDS-GE100HI","years_MLY-PRCP-AVGNDS-GE100HI","MLY-PRCP-AVGNDS-GE200HI","meas_flag_MLY-PRCP-AVGNDS-GE200HI","comp_flag_MLY-PRCP-AVGNDS-GE200HI","years_MLY-PRCP-AVGNDS-GE200HI","MLY-PRCP-AVGNDS-GE400HI","meas_flag_MLY-PRCP-AVGNDS-GE400HI","comp_flag_MLY-PRCP-AVGNDS-GE400HI","years_MLY-PRCP-AVGNDS-GE400HI","MLY-PRCP-AVGNDS-GE600HI","meas_flag_MLY-PRCP-AVGNDS-GE600HI","comp_flag_MLY-PRCP-AVGNDS-GE600HI","years_MLY-PRCP-AVGNDS-GE600HI","MLY-PRCP-25PCTL","meas_flag_MLY-PRCP-25PCTL","comp_flag_MLY-PRCP-25PCTL","years_MLY-PRCP-25PCTL","MLY-PRCP-50PCTL","meas_flag_MLY-PRCP-50PCTL","comp_flag_MLY-PRCP-50PCTL","years_MLY-PRCP-50PCTL","MLY-PRCP-75PCTL","meas_flag_MLY-PRCP-75PCTL","comp_flag_MLY-PRCP-75PCTL","years_MLY-PRCP-75PCTL","MLY-PRCP-20PCTL","meas_flag_MLY-PRCP-20PCTL","comp_flag_MLY-PRCP-20PCTL","years_MLY-PRCP-20PCTL","MLY-PRCP-40PCTL","meas_flag_MLY-PRCP-40PCTL","comp_flag_MLY-PRCP-40PCTL","years_MLY-PRCP-40PCTL","MLY-PRCP-60PCTL","meas_flag_MLY-PRCP-60PCTL","comp_flag_MLY-PRCP-60PCTL","years_MLY-PRCP-60PCTL","MLY-PRCP-80PCTL","meas_flag_MLY-PRCP-80PCTL","comp_flag_MLY-PRCP-80PCTL","years_MLY-PRCP-80PCTL","MLY-PRCP-33PCTL","meas_flag_MLY-PRCP-33PCTL","comp_flag_MLY-PRCP-33PCTL","years_MLY-PRCP-33PCTL","MLY-PRCP-67PCTL","meas_flag_MLY-PRCP-67PCTL","comp_flag_MLY-PRCP-67PCTL","years_MLY-PRCP-67PCTL","MLY-SNOW-NORMAL","meas_flag_MLY-SNOW-NORMAL","comp_flag_MLY-SNOW-NORMAL","years_MLY-SNOW-NORMAL","MLY-SNOW-AVGNDS-GE001TI","meas_flag_MLY-SNOW-AVGNDS-GE001TI","comp_flag_MLY-SNOW-AVGNDS-GE001TI","years_MLY-SNOW-AVGNDS-GE001TI","MLY-SNOW-AVGNDS-GE010TI","meas_flag_MLY-SNOW-AVGNDS-GE010TI","comp_flag_MLY-SNOW-AVGNDS-GE010TI","years_MLY-SNOW-AVGNDS-GE010TI","MLY-SNOW-AVGNDS-GE020TI","meas_flag_MLY-SNOW-AVGNDS-GE020TI","comp_flag_MLY-SNOW-AVGNDS-GE020TI","years_MLY-SNOW-AVGNDS-GE020TI","MLY-SNOW-AVGNDS-GE030TI","meas_flag_MLY-SNOW-AVGNDS-GE030TI","comp_flag_MLY-SNOW-AVGNDS-GE030TI","years_MLY-SNOW-AVGNDS-GE030TI","MLY-SNOW-AVGNDS-GE040TI","meas_flag_MLY-SNOW-AVGNDS-GE040TI","comp_flag_MLY-SNOW-AVGNDS-GE040TI","years_MLY-SNOW-AVGNDS-GE040TI","MLY-SNOW-AVGNDS-GE050TI","meas_flag_MLY-SNOW-AVGNDS-GE050TI","comp_flag_MLY-SNOW-AVGNDS-GE050TI","years_MLY-SNOW-AVGNDS-GE050TI","MLY-SNOW-AVGNDS-GE100TI","meas_flag_MLY-SNOW-AVGNDS-GE100TI","comp_flag_MLY-SNOW-AVGNDS-GE100TI","years_MLY-SNOW-AVGNDS-GE100TI","MLY-SNOW-AVGNDS-GE200TI","meas_flag_MLY-SNOW-AVGNDS-GE200TI","comp_flag_MLY-SNOW-AVGNDS-GE200TI","years_MLY-SNOW-AVGNDS-GE200TI","MLY-SNOW-25PCTL","meas_flag_MLY-SNOW-25PCTL","comp_flag_MLY-SNOW-25PCTL","years_MLY-SNOW-25PCTL","MLY-SNOW-50PCTL","meas_flag_MLY-SNOW-50PCTL","comp_flag_MLY-SNOW-50PCTL","years_MLY-SNOW-50PCTL","MLY-SNOW-75PCTL","meas_flag_MLY-SNOW-75PCTL","comp_flag_MLY-SNOW-75PCTL","years_MLY-SNOW-75PCTL","MLY-SNOW-20PCTL","meas_flag_MLY-SNOW-20PCTL","comp_flag_MLY-SNOW-20PCTL","years_MLY-SNOW-20PCTL","MLY-SNOW-40PCTL","meas_flag_MLY-SNOW-40PCTL","comp_flag_MLY-SNOW-40PCTL","years_MLY-SNOW-40PCTL","MLY-SNOW-60PCTL","meas_flag_MLY-SNOW-60PCTL","comp_flag_MLY-SNOW-60PCTL","years_MLY-SNOW-60PCTL","MLY-SNOW-80PCTL","meas_flag_MLY-SNOW-80PCTL","comp_flag_MLY-SNOW-80PCTL","years_MLY-SNOW-80PCTL","MLY-SNOW-33PCTL","meas_flag_MLY-SNOW-33PCTL","comp_flag_MLY-SNOW-33PCTL","years_MLY-SNOW-33PCTL","MLY-SNOW-67PCTL","meas_flag_MLY-SNOW-67PCTL","comp_flag_MLY-SNOW-67PCTL","years_MLY-SNOW-67PCTL","MLY-SNWD-AVGNDS-GE001WI","meas_flag_MLY-SNWD-AVGNDS-GE001WI","comp_flag_MLY-SNWD-AVGNDS-GE001WI","years_MLY-SNWD-AVGNDS-GE001WI","MLY-SNWD-AVGNDS-GE002WI","meas_flag_MLY-SNWD-AVGNDS-GE002WI","comp_flag_MLY-SNWD-AVGNDS-GE002WI","years_MLY-SNWD-AVGNDS-GE002WI","MLY-SNWD-AVGNDS-GE003WI","meas_flag_MLY-SNWD-AVGNDS-GE003WI","comp_flag_MLY-SNWD-AVGNDS-GE003WI","years_MLY-SNWD-AVGNDS-GE003WI","MLY-SNWD-AVGNDS-GE004WI","meas_flag_MLY-SNWD-AVGNDS-GE004WI","comp_flag_MLY-SNWD-AVGNDS-GE004WI","years_MLY-SNWD-AVGNDS-GE004WI","MLY-SNWD-AVGNDS-GE005WI","meas_flag_MLY-SNWD-AVGNDS-GE005WI","comp_flag_MLY-SNWD-AVGNDS-GE005WI","years_MLY-SNWD-AVGNDS-GE005WI","MLY-SNWD-AVGNDS-GE010WI","meas_flag_MLY-SNWD-AVGNDS-GE010WI","comp_flag_MLY-SNWD-AVGNDS-GE010WI","years_MLY-SNWD-AVGNDS-GE010WI","MLY-SNWD-AVGNDS-GE020WI","meas_flag_MLY-SNWD-AVGNDS-GE020WI","comp_flag_MLY-SNWD-AVGNDS-GE020WI","years_MLY-SNWD-AVGNDS-GE020WI"
"USW00014848","01"," 41.7072"," -86.3164"," 235.6","SOUTH BEND MICHIANA RGNL AP, IN US","01","99","99","    24.1"," ","S","30","    31.2"," ","S","30","    17.0"," ","S","30","    14.2"," ","S","30","     5.0"," ","S","30","     4.4"," ","S","30","     5.7"," ","S","30","     2.0"," ","S","30","     3.2"," ","S","30","     8.3"," ","S","30","    17.0"," ","S","30","    27.6"," ","S","30","    30.5"," ","S","30","    31.0"," ","S","30","    31.0"," ","S","30","    31.0"," ","S","30","    15.7"," ","S","30","     6.9"," ","S","30","     2.2"," ","S","30","     0.3"," ","S","30","     0.0"," ","S","30","     0.0"," ","S","30","     0.0"," ","S","30","     0.0"," ","S","30","    16.8"," ","S","30","  1267.7"," ","S","30","   501.2"," ","S","30","   650.1"," ","S","30","   803.2"," ","S","30","   957.8"," ","S","30","  1019.6"," ","S","30","  1112.6"," ","S","30","     0.0"," ","S","30","     8.5"," ","S","30","     2.4"," ","S","30","     0.4"," ","S","30","     0.1"," ","S","30","     0.1"," ","S","30","     0.0"," ","S","30","     0.0"," ","S","30","     0.0"," ","S","30","     0.0"," ","S","30","     8.5"," ","S","30","     2.4"," ","S","30","     0.4"," ","S","30","     0.1"," ","S","30","     0.1"," ","S","30","     0.0"," ","S","30","     0.0"," ","S","30","     0.0"," ","S","30","     5.7"," ","S","30","     3.7"," ","S","30","   100.0"," ","S","30","   100.0"," ","S","30","   100.0"," ","S","30","   100.0"," ","S","30","   100.0"," ","S","30","   100.0"," ","S","30","    2.66"," ","S","30","    16.8"," ","S","30","     7.0"," ","S","30","     3.2"," ","S","30","     1.2"," ","S","30","     0.3"," ","S","30","     0.0","X","S","30","     0.0"," ","S","30","     0.0"," ","S","30","    1.65"," ","S","30","    2.47"," ","S","30","    3.29"," ","S","30","    1.64"," ","S","30","    2.08"," ","S","30","    2.73"," ","S","30","    3.39"," ","S","30","    1.88"," ","S","30","    3.00"," ","S","30","    21.6"," ","S","29","    13.1"," ","S","30","     6.6"," ","S","30","     3.5"," ","S","30","     2.3"," ","S","30","     1.4"," ","S","30","     0.9"," ","S","30","     0.1"," ","S","30","     0.0","X","S","30","    11.9"," ","S","29","    22.1"," ","S","29","    27.6"," ","S","29","    10.1"," ","S","29","    19.0"," ","S","29","    25.0"," ","S","29","    29.1"," ","S","29","    16.3"," ","S","29","    26.5"," ","S","29","    19.6"," ","S","29","    15.5"," ","S","29","    11.8"," ","S","29","     9.2"," ","S","29","     7.2"," ","S","29","     1.9"," ","S","29","     0.0","X","S","29"
"USW00014848","02"," 41.7072"," -86.3164"," 235.6","SOUTH BEND MICHIANA RGNL AP, IN US","02","99","99","    27.1"," ","S","30","    34.9"," ","S","30","    19.3"," ","S","30","    15.6"," ","S","30","     5.3"," ","S","30","     5.4"," ","S","30","     5.3"," ","S","30","     1.8"," ","S","30","     1.5"," ","S","30","     5.5"," ","S","30","    13.3"," ","S","30","    24.7"," ","S","30","    27.4"," ","S","30","    27.9"," ","S","30","    28.0"," ","S","30","    28.0"," ","S","30","    17.7"," ","S","30","     9.0"," ","S","30","     3.3"," ","S","30","     0.8"," ","S","30","     0.1"," ","S","30","     0.0"," ","S","30","     0.0"," ","S","30","     0.0"," ","S","30","    11.7"," ","S","30","  1061.1"," ","S","30","   376.5"," ","S","30","   506.6"," ","S","30","   642.6"," ","S","30","   781.3"," ","S","30","   837.1"," ","S","30","   921.1"," ","S","30","     0.0","X","S","30","    15.4"," ","S","30","     5.5"," ","S","30","     1.5"," ","S","30","     0.3"," ","S","30","     0.1"," ","S","30","     0.0","X","S","30","     0.0"," ","S","30","     0.0"," ","S","30","     0.0","X","S","30","    15.4"," ","S","30","     5.5"," ","S","30","     1.5"," ","S","30","     0.3"," ","S","30","     0.1"," ","S","30","     0.0","X","S","30","     0.0"," ","S","30","     0.0"," ","S","30","    12.1"," ","S","30","     9.0"," ","S","30","    99.6"," ","S","30","    99.9"," ","S","30","   100.0"," ","S","30","   100.0"," ","S","30","   100.0"," ","S","30","   100.0"," ","S","30","    2.31"," ","S","30","    12.5"," ","S","30","     5.8"," ","S","30","     2.7"," ","S","30","     1.1"," ","S","30","     0.4"," ","S","30","     0.0","X","S","30","     0.0"," ","S","30","     0.0"," ","S","30","    1.59"," ","S","30","    1.99"," ","S","30","    2.75"," ","S","30","    1.44"," ","S","30","    1.76"," ","S","30","    2.13"," ","S","30","    3.08"," ","S","30","    1.69"," ","S","30","    2.24"," ","S","30","    16.1"," ","S","29","     9.7"," ","S","30","     5.2"," ","S","30","     2.5"," ","S","30","     1.5"," ","S","30","     1.1"," ","S","30","     0.7"," ","S","30","     0.1"," ","S","30","     0.0"," ","S","30","     8.0"," ","S","29","    14.6"," ","S","29","    25.4"," ","S","29","     7.7"," ","S","29","    11.0"," ","S","29","    18.3"," ","S","29","    26.1"," ","S","29","    10.3"," ","S","29","    19.5"," ","S","29","    13.8"," ","S","29","    10.2"," ","S","29","     8.5"," ","S","29","     6.6"," ","S","29","     5.3"," ","S","29","     1.7"," ","S","29","     0.0"," ","S","29"
"USW00014848","03"," 41.7072"," -86.3164"," 235.6","SOUTH BEND MICHIANA RGNL AP, IN US","03","99","99","    36.7"," ","S","30","    46.2"," ","S","30","    27.2"," ","S","30","    19.0"," ","S","30","     4.7"," ","S","30","     5.0"," ","S","30","     4.6"," ","S","30","     1.9"," ","S","30","     0.1"," ","S","30","     1.2"," ","S","30","     7.0"," ","S","30","    21.1"," ","S","30","    27.5"," ","S","30","    30.0"," ","S","30","    30.8"," ","S","30","    31.0"," ","S","30","    28.2"," ","S","30","    21.6"," ","S","30","    11.9"," ","S","30","     5.5"," ","S","30","     1.6"," ","S","30","     0.2"," ","S","30","     0.0"," ","S","30","     0.0"," ","S","30","     3.5"," ","S","30","   878.8"," ","S","30","   195.5"," ","S","30","   307.8"," ","S","30","   437.0"," ","S","30","   578.4"," ","S","30","   637.2"," ","S","30","   726.8"," ","S","30","     1.5"," ","S","30","    93.2"," ","S","30","    50.5"," ","S","30","    24.6"," ","S","30","    11.1"," ","S","30","     7.9"," ","S","30","     4.5"," ","S","30","     0.3"," ","S","30","     0.0","X","S","30","     1.5"," ","S","30","    93.2"," ","S","30","    50.5"," ","S","30","    24.6"," ","S","30","    11.1"," ","S","30","     7.9"," ","S","30","     4.5"," ","S","30","     0.3"," ","S","30","     0.0","X","S","30","    71.5"," ","S","30","    58.8"," ","S","30","    89.4"," ","S","30","    98.1"," ","S","30","    99.3"," ","S","30","    99.9"," ","S","30","   100.0"," ","S","30","   100.0"," ","S","30","    2.35"," ","S","29","    12.4"," ","S","30","     6.0"," ","S","30","     3.3"," ","S","30","     1.3"," ","S","30","     0.2"," ","S","30","     0.0"," ","S","30","     0.0"," ","S","30","     0.0"," ","S","30","    1.68"," ","S","29","    2.15"," ","S","29","    2.83"," ","S","29","    1.47"," ","S","29","    1.83"," ","S","29","    2.47"," ","S","29","    2.96"," ","S","29","    1.77"," ","S","29","    2.67"," ","S","29","     6.8"," ","S","29","     5.1"," ","S","29","     2.0"," ","S","29","     1.2"," ","S","29","     0.7"," ","S","29","     0.4"," ","S","29","     0.2"," ","S","29","     0.0","X","S","29","     0.0"," ","S","29","     1.5"," ","S","29","     3.8"," ","S","29","    10.6"," ","S","29","     1.1"," ","S","29","     3.1"," ","S","29","     7.4"," ","S","29","    13.0"," ","S","29","     2.9"," ","S","29","     8.2"," ","S","29","     4.9"," ","S","29","     3.4"," ","S","29","     2.4"," ","S","29","     1.6"," ","S","29","     1.1"," ","S","29","     0.2"," ","S","29","     0.0"," ","S","29"
"USW00014848","04"," 41.7072"," -86.3164"," 235.6","SOUTH BEND MICHIANA RGNL AP, IN US","04","99","99","    48.1"," ","S","30","    59.0"," ","S","30","    37.1"," ","S","30","    21.9"," ","S","30","     3.1"," ","S","30","     3.5"," ","S","30","     2.9"," ","S","30","     1.8"," ","S","30","     0.0"," ","S","30","     0.0"," ","S","30","     0.6"," ","S","30","     8.9"," ","S","30","    18.7"," ","S","30","    27.0"," ","S","30","    29.4"," ","S","30","    30.0"," ","S","30","    30.0"," ","S","30","    29.1"," ","S","30","    23.8"," ","S","30","    14.9"," ","S","30","     6.6"," ","S","30","     1.1"," ","S","30","     0.0"," ","S","30","     0.0"," ","S","30","     0.1"," ","S","30","   514.0"," ","S","30","    33.1"," ","S","30","    77.2"," ","S","30","   150.9"," ","S","30","   252.6"," ","S","30","   299.7"," ","S","30","   375.9"," ","S","30","     5.5"," ","S","30","   274.6"," ","S","30","   168.7"," ","S","30","    92.3"," ","S","30","    44.1"," ","S","30","    31.2"," ","S","30","    17.4"," ","S","30","     0.9"," ","S","30","     0.3"," ","S","30","     5.5"," ","S","30","   274.6"," ","S","30","   168.7"," ","S","30","    92.3"," ","S","30","    44.1"," ","S","30","    31.2"," ","S","30","    17.4"," ","S","30","     0.9"," ","S","30","     0.3"," ","S","30","   192.4"," ","S","30","   165.4"," ","S","30","    11.8"," ","S","30","    37.9"," ","S","30","    74.6"," ","S","30","    94.9"," ","S","30","    99.6"," ","S","30","   100.0"," ","S","30","    3.49"," ","S","30","    13.4"," ","S","30","     7.4"," ","S","30","     4.5"," ","S","30","     2.4"," ","S","30","     0.6"," ","S","30","     0.0","X","S","30","     0.0"," ","S","30","     0.0"," ","S","30","    2.41"," ","S","30","    3.49"," ","S","30","    4.41"," ","S","30","    2.38"," ","S","30","    3.05"," ","S","30","    3.64"," ","S","30","    4.57"," ","S","30","    2.70"," ","S","30","    3.72"," ","S","30","     1.0"," ","S","29","     1.5"," ","S","29","     0.3"," ","S","29","     0.1"," ","S","29","     0.1"," ","S","29","     0.0"," ","S","29","     0.0"," ","S","29","     0.0"," ","S","29","     0.0"," ","S","29","     0.0"," ","S","29","     0.6"," ","S","29","     1.1"," ","S","29","     0.0"," ","S","29","     0.3"," ","S","29","     0.9"," ","S","29","     1.5"," ","S","29","     0.0"," ","S","29","     1.0"," ","S","29","     0.3"," ","S","29","     0.1"," ","S","29","     0.0","X","S","29","     0.0"," ","S","29","     0.0"," ","S","29","     0.0"," ","S","29","     0.0"," ","S","29"
"USW00014848","05"," 41.7072"," -86.3164"," 235.6","SOUTH BEND MICHIANA RGNL AP, IN US","05","99","99","    59.1"," ","S","30","    70.1"," ","S","30","    48.1"," ","S","30","    22.0"," ","S","30","     3.6"," ","S","30","     3.9"," ","S","30","     3.4"," ","S","30","     1.8"," ","S","30","     0.0"," ","S","30","     0.0"," ","S","30","     0.0"," ","S","30","     0.6"," ","S","30","     5.8"," ","S","30","    18.0"," ","S","30","    27.1"," ","S","30","    30.9"," ","S","30","    31.0"," ","S","30","    31.0"," ","S","30","    30.5"," ","S","30","    26.1"," ","S","30","    16.8"," ","S","30","     7.3"," ","S","30","     0.7"," ","S","30","     0.0"," ","S","30","     0.0"," ","S","30","   231.0"," ","S","30","     0.5"," ","S","30","     4.7"," ","S","30","    20.8"," ","S","30","    61.0"," ","S","30","    85.1"," ","S","30","   130.7"," ","S","30","    48.0"," ","S","30","   592.6"," ","S","30","   441.8"," ","S","30","   302.9"," ","S","30","   188.1"," ","S","30","   150.1"," ","S","30","   102.7"," ","S","30","    16.1"," ","S","30","     8.8"," ","S","30","    48.0"," ","S","30","   592.6"," ","S","30","   441.8"," ","S","30","   302.9"," ","S","30","   188.1"," ","S","30","   150.1"," ","S","30","   102.7"," ","S","30","    16.1"," ","S","30","     8.8"," ","S","30","   399.0"," ","S","30","   354.7"," ","S","30","     0.0"," ","S","30","     0.0"," ","S","30","     2.8"," ","S","30","    18.4"," ","S","30","    50.8"," ","S","30","    82.0"," ","S","30","    4.20"," ","S","30","    13.4"," ","S","30","     8.0"," ","S","30","     5.3"," ","S","30","     3.1"," ","S","30","     0.9"," ","S","30","     0.1"," ","S","30","     0.0"," ","S","30","     0.0"," ","S","30","    2.49"," ","S","30","    4.17"," ","S","30","    5.73"," ","S","30","    2.31"," ","S","30","    3.50"," ","S","30","    4.74"," ","S","30","    6.02"," ","S","30","    2.77"," ","S","30","    5.22"," ","S","30","     0.0"," ","S","29","     0.0"," ","S","29","     0.0"," ","S","29","     0.0"," ","S","29","     0.0"," ","S","29","     0.0"," ","S","29","     0.0"," ","S","29","     0.0"," ","S","29","     0.0"," ","S","29","     0.0"," ","S","29","     0.0"," ","S","29","     0.0"," ","S","29","     0.0"," ","S","29","     0.0"," ","S","29","     0.0"," ","S","29","     0.0"," ","S","29","     0.0"," ","S","29","     0.0"," ","S","29","     0.0"," ","S","29","     0.0"," ","S","29","     0.0"," ","S","29","     0.0"," ","S","29","     0.0"," ","S","29","     0.0"," ","S","29","     0.0"," ","S","29"
"USW00014848","06"," 41.7072"," -86.3164"," 235.6","SOUTH BEND MICHIANA RGNL AP, IN US","06","99","99","    68.8"," ","S","30","    79.4"," ","S","30","    58.1"," ","S","30","    21.3"," ","S","30","     2.2"," ","S","30","     2.6"," ","S","30","     2.2"," ","S","30","     2.0"," ","S","30","     0.0"," ","S","30","     0.0"," ","S","30","     0.0"," ","S","30","     0.0"," ","S","30","     0.3"," ","S","30","     4.4"," ","S","30","    16.0"," ","S","30","    28.1"," ","S","30","    30.0"," ","S","30","    30.0"," ","S","30","    30.0"," ","S","30","    29.8"," ","S","30","    26.8"," ","S","30","    16.3"," ","S","30","     3.5"," ","S","30","     0.0","X","S","30","     0.0"," ","S","30","    43.8"," ","S","30","     0.0"," ","S","30","     0.0","X","S","30","     0.2"," ","S","30","     2.7"," ","S","30","     5.5"," ","S","30","    12.9"," ","S","30","   156.2"," ","S","30","   862.3"," ","S","30","   712.4"," ","S","30","   562.6"," ","S","30","   415.1"," ","S","30","   357.8"," ","S","30","   275.2"," ","S","30","    68.8"," ","S","30","    45.4"," ","S","30","   156.2"," ","S","30","   862.3"," ","S","30","   712.4"," ","S","30","   562.6"," ","S","30","   415.1"," ","S","30","   357.8"," ","S","30","   275.2"," ","S","30","    68.8"," ","S","30","    45.4"," ","S","30","   616.2"," ","S","30","   560.3"," ","S","30","     0.0"," ","S","30","     0.0"," ","S","30","     0.0"," ","S","30","     0.0"," ","S","30","     0.0"," ","S","30","     4.1"," ","S","30","    4.04"," ","S","30","    11.0"," ","S","30","     7.4"," ","S","30","     4.7"," ","S","30","     2.7"," ","S","30","     0.9"," ","S","30","     0.2"," ","S","30","     0.0"," ","S","30","     0.0"," ","S","30","    2.15"," ","S","30","    3.70"," ","S","30","    5.06"," ","S","30","    1.96"," ","S","30","    3.04"," ","S","30","    4.35"," ","S","30","    5.23"," ","S","30","    2.54"," ","S","30","    4.79"," ","S","30","     0.0"," ","S","29","     0.0"," ","S","29","     0.0"," ","S","29","     0.0"," ","S","29","     0.0"," ","S","29","     0.0"," ","S","29","     0.0"," ","S","29","     0.0"," ","S","29","     0.0"," ","S","29","     0.0"," ","S","29","     0.0"," ","S","29","     0.0"," ","S","29","     0.0"," ","S","29","     0.0"," ","S","29","     0.0"," ","S","29","     0.0"," ","S","29","     0.0"," ","S","29","     0.0"," ","S","29","     0.0"," ","S","29","     0.0"," ","S","29","     0.0"," ","S","29","     0.0"," ","S","29","     0.0"," ","S","29","     0.0"," ","S","29","     0.0"," ","S","29"
"USW00014848","07"," 41.7072"," -86.3164"," 235.6","SOUTH BEND MICHIANA RGNL AP, IN US","07","99","99","    72.4"," ","S","30","    82.7"," ","S","30","    62.1"," ","S","30","    20.6"," ","S","30","     2.9"," ","S","30","     3.2"," ","S","30","     2.8"," ","S","30","     1.5"," ","S","30","     0.0"," ","S","30","     0.0"," ","S","30","     0.0"," ","S","30","     0.0"," ","S","30","     0.0"," ","S","30","     0.8"," ","S","30","    10.6"," ","S","30","    27.4"," ","S","30","    31.0"," ","S","30","    31.0"," ","S","30","    31.0"," ","S","30","    31.0"," ","S","30","    30.5"," ","S","30","    22.6"," ","S","30","     5.2"," ","S","30","     0.2"," ","S","30","     0.0"," ","S","30","     6.9"," ","S","30","     0.0"," ","S","30","     0.0"," ","S","30","     0.0"," ","S","30","     0.0","X","S","30","     0.0","X","S","30","     0.5"," ","S","30","   236.3"," ","S","30","  1004.3"," ","S","30","   849.3"," ","S","30","   694.4"," ","S","30","   539.3"," ","S","30","   477.3"," ","S","30","   384.8"," ","S","30","   113.2"," ","S","30","    76.5"," ","S","30","   236.3"," ","S","30","  1004.3"," ","S","30","   849.3"," ","S","30","   694.4"," ","S","30","   539.3"," ","S","30","   477.3"," ","S","30","   384.8"," ","S","30","   113.2"," ","S","30","    76.5"," ","S","30","   739.3"," ","S","30","   677.8"," ","S","30","     0.0"," ","S","30","     0.0"," ","S","30","     0.0"," ","S","30","     0.0"," ","S","30","     0.0"," ","S","30","     0.0"," ","S","30","    3.78"," ","S","30","     9.5"," ","S","30","     6.5"," ","S","30","     4.3"," ","S","30","     2.6"," ","S","30","     0.8"," ","S","30","     0.3"," ","S","30","     0.0"," ","S","30","     0.0"," ","S","30","    2.49"," ","S","30","    3.21"," ","S","30","    4.93"," ","S","30","    2.39"," ","S","30","    2.93"," ","S","30","    3.58"," ","S","30","    5.27"," ","S","30","    2.65"," ","S","30","    4.20"," ","S","30","     0.0"," ","S","29","     0.0"," ","S","29","     0.0"," ","S","29","     0.0"," ","S","29","     0.0"," ","S","29","     0.0"," ","S","29","     0.0"," ","S","29","     0.0"," ","S","29","     0.0"," ","S","29","     0.0"," ","S","29","     0.0"," ","S","29","     0.0"," ","S","29","     0.0"," ","S","29","     0.0"," ","S","29","     0.0"," ","S","29","     0.0"," ","S","29","     0.0"," ","S","29","     0.0"," ","S","29","     0.0"," ","S","29","     0.0"," ","S","29","     0.0"," ","S","29","     0.0"," ","S","29","     0.0"," ","S","29","     0.0"," ","S","29","     0.0"," ","S","29"
"USW00014848","08"," 41.7072"," -86.3164"," 235.6","SOUTH BEND MICHIANA RGNL AP, IN US","08","99","99","    70.7"," ","S","30","    80.8"," ","S","30","    60.5"," ","S","30","    20.2"," ","S","30","     2.4"," ","S","30","     2.4"," ","S","30","     2.6"," ","S","30","     1.4"," ","S","30","     0.0"," ","S","30","     0.0"," ","S","30","     0.0"," ","S","30","     0.0"," ","S","30","     0.0"," ","S","30","     1.0"," ","S","30","    13.6"," ","S","30","    28.8"," ","S","30","    31.0"," ","S","30","    31.0"," ","S","30","    31.0"," ","S","30","    31.0"," ","S","30","    29.9"," ","S","30","    20.0"," ","S","30","     2.6"," ","S","30","     0.0"," ","S","30","     0.0"," ","S","30","    13.5"," ","S","30","     0.0"," ","S","30","     0.0"," ","S","30","     0.0"," ","S","30","     0.0","X","S","30","     0.3"," ","S","30","     1.7"," ","S","30","   188.6"," ","S","30","   950.0"," ","S","30","   795.1"," ","S","30","   640.1"," ","S","30","   485.1"," ","S","30","   423.3"," ","S","30","   331.7"," ","S","30","    79.5"," ","S","30","    49.8"," ","S","30","   188.6"," ","S","30","   950.0"," ","S","30","   795.1"," ","S","30","   640.1"," ","S","30","   485.1"," ","S","30","   423.3"," ","S","30","   331.7"," ","S","30","    79.5"," ","S","30","    49.8"," ","S","30","   693.7"," ","S","30","   632.5"," ","S","30","     0.0"," ","S","30","     0.0"," ","S","30","     0.0"," ","S","30","     0.0"," ","S","30","     0.0"," ","S","30","     0.0"," ","S","30","    4.01"," ","S","30","    10.0"," ","S","30","     6.5"," ","S","30","     4.4"," ","S","30","     2.8"," ","S","30","     0.9"," ","S","30","     0.1"," ","S","30","     0.0","X","S","30","     0.0","X","S","30","    2.12"," ","S","30","    3.43"," ","S","30","    5.21"," ","S","30","    2.05"," ","S","30","    2.32"," ","S","30","    4.15"," ","S","30","    5.48"," ","S","30","    2.21"," ","S","30","    4.47"," ","S","30","     0.0"," ","S","29","     0.0"," ","S","29","     0.0"," ","S","29","     0.0"," ","S","29","     0.0"," ","S","29","     0.0"," ","S","29","     0.0"," ","S","29","     0.0"," ","S","29","     0.0"," ","S","29","     0.0"," ","S","29","     0.0"," ","S","29","     0.0"," ","S","29","     0.0"," ","S","29","     0.0"," ","S","29","     0.0"," ","S","29","     0.0"," ","S","29","     0.0"," ","S","29","     0.0"," ","S","29","     0.0"," ","S","29","     0.0"," ","S","29","     0.0"," ","S","29","     0.0"," ","S","29","     0.0"," ","S","29","     0.0"," ","S","29","     0.0"," ","S","29"
"USW00014848","09"," 41.7072"," -86.3164"," 235.6","SOUTH BEND MICHIANA RGNL AP, IN US","09","99","99","    63.7"," ","S","30","    74.4"," ","S","30","    53.0"," ","S","30","    21.4"," ","S","30","     2.8"," ","S","30","     3.3"," ","S","30","     2.6"," ","S","30","     2.0"," ","S","30","     0.0"," ","S","30","     0.0"," ","S","30","     0.0"," ","S","30","     0.0","X","S","30","     1.3"," ","S","30","    10.6"," ","S","30","    23.4"," ","S","30","    29.5"," ","S","30","    30.0"," ","S","30","    30.0"," ","S","30","    30.0"," ","S","30","    28.7"," ","S","30","    21.8"," ","S","30","    10.0"," ","S","30","     1.5"," ","S","30","     0.0"," ","S","30","     0.0"," ","S","30","   116.0"," ","S","30","     0.0","X","S","30","     0.3"," ","S","30","     3.3"," ","S","30","    15.7"," ","S","30","    26.2"," ","S","30","    50.4"," ","S","30","    76.9"," ","S","30","   710.9"," ","S","30","   561.3"," ","S","30","   414.2"," ","S","30","   276.6"," ","S","30","   227.0"," ","S","30","   161.3"," ","S","30","    28.1"," ","S","30","    17.0"," ","S","30","    76.9"," ","S","30","   710.9"," ","S","30","   561.3"," ","S","30","   414.2"," ","S","30","   276.6"," ","S","30","   227.0"," ","S","30","   161.3"," ","S","30","    28.1"," ","S","30","    17.0"," ","S","30","   487.2"," ","S","30","   436.9"," ","S","30","     0.0"," ","S","30","     0.0"," ","S","30","     0.0"," ","S","30","     0.0"," ","S","30","     3.9"," ","S","30","    25.8"," ","S","30","    3.49"," ","S","30","     9.6"," ","S","30","     5.9"," ","S","30","     3.5"," ","S","30","     2.2"," ","S","30","     0.8"," ","S","30","     0.2"," ","S","30","     0.1"," ","S","30","     0.0","X","S","30","    1.77"," ","S","30","    3.01"," ","S","30","    3.73"," ","S","30","    1.53"," ","S","30","    2.71"," ","S","30","    3.39"," ","S","30","    4.07"," ","S","30","    2.10"," ","S","30","    3.65"," ","S","30","     0.0","X","S","29","     0.1"," ","S","29","     0.0","X","S","29","     0.0"," ","S","29","     0.0"," ","S","29","     0.0"," ","S","29","     0.0"," ","S","29","     0.0"," ","S","29","     0.0"," ","S","29","     0.0"," ","S","29","     0.0"," ","S","29","     0.0"," ","S","29","     0.0"," ","S","29","     0.0"," ","S","29","     0.0"," ","S","29","     0.0"," ","S","29","     0.0"," ","S","29","     0.0"," ","S","29","     0.0"," ","S","29","     0.0"," ","S","29","     0.0"," ","S","29","     0.0"," ","S","29","     0.0"," ","S","29","     0.0"," ","S","29","     0.0"," ","S","29"
"USW00014848","10"," 41.7072"," -86.3164"," 235.6","SOUTH BEND MICHIANA RGNL AP, IN US","10","99","99","    52.0"," ","S","30","    61.8"," ","S","30","    42.1"," ","S","30","    19.7"," ","S","30","     2.3"," ","S","30","     2.5"," ","S","30","     2.4"," ","S","30","     1.7"," ","S","30","     0.0"," ","S","30","     0.0"," ","S","30","     0.0"," ","S","30","     2.9"," ","S","30","    13.3"," ","S","30","    24.6"," ","S","30","    30.2"," ","S","30","    31.0"," ","S","30","    31.0"," ","S","30","    30.9"," ","S","30","    27.5"," ","S","30","    18.0"," ","S","30","     8.5"," ","S","30","     1.9"," ","S","30","     0.0","X","S","30","     0.0"," ","S","30","     0.0"," ","S","30","   413.5"," ","S","30","     7.0"," ","S","30","    30.6"," ","S","30","    84.1"," ","S","30","   168.4"," ","S","30","   209.7"," ","S","30","   280.0"," ","S","30","     8.9"," ","S","30","   377.5"," ","S","30","   246.1"," ","S","30","   144.5"," ","S","30","    73.8"," ","S","30","    53.1"," ","S","30","    30.4"," ","S","30","     2.0"," ","S","30","     1.0"," ","S","30","     8.9"," ","S","30","   377.5"," ","S","30","   246.1"," ","S","30","   144.5"," ","S","30","    73.8"," ","S","30","    53.1"," ","S","30","    30.4"," ","S","30","     2.0"," ","S","30","     1.0"," ","S","30","   241.7"," ","S","30","   207.2"," ","S","30","     0.0"," ","S","30","     0.0"," ","S","30","     7.8"," ","S","30","    52.0"," ","S","30","    88.4"," ","S","30","    99.0"," ","S","30","    3.72"," ","S","30","    11.5"," ","S","30","     7.1"," ","S","30","     4.3"," ","S","30","     2.4"," ","S","30","     0.9"," ","S","30","     0.2"," ","S","30","     0.0"," ","S","30","     0.0"," ","S","30","    2.19"," ","S","30","    3.38"," ","S","30","    4.56"," ","S","30","    1.95"," ","S","30","    3.02"," ","S","30","    4.05"," ","S","30","    4.69"," ","S","30","    2.62"," ","S","30","    4.37"," ","S","30","     0.2"," ","S","28","     0.3"," ","S","29","     0.0","X","S","29","     0.0"," ","S","29","     0.0"," ","S","29","     0.0"," ","S","29","     0.0"," ","S","29","     0.0"," ","S","29","     0.0"," ","S","29","     0.0"," ","S","28","     0.0"," ","S","28","     0.0"," ","S","28","     0.0"," ","S","28","     0.0"," ","S","28","     0.0"," ","S","28","     0.1"," ","S","28","     0.0"," ","S","28","     0.0"," ","S","28","     0.1"," ","S","29","     0.0"," ","S","29","     0.0"," ","S","29","     0.0"," ","S","29","     0.0"," ","S","29","     0.0"," ","S","29","     0.0"," ","S","29"
"USW00014848","11"," 41.7072"," -86.3164"," 235.6","SOUTH BEND MICHIANA RGNL AP, IN US","11","99","99","    39.8"," ","S","30","    47.7"," ","S","30","    31.8"," ","S","30","    15.9"," ","S","30","     4.2"," ","S","30","     5.2"," ","S","30","     3.4"," ","S","30","     2.7"," ","S","30","     0.0"," ","S","30","     0.2"," ","S","30","     2.2"," ","S","30","    15.4"," ","S","30","    24.5"," ","S","30","    28.8"," ","S","30","    30.0"," ","S","30","    30.0"," ","S","30","    28.3"," ","S","30","    23.0"," ","S","30","    13.5"," ","S","30","     5.4"," ","S","30","     1.0"," ","S","30","     0.0"," ","S","30","     0.0"," ","S","30","     0.0"," ","S","30","     2.4"," ","S","30","   757.6"," ","S","30","   121.1"," ","S","30","   214.2"," ","S","30","   332.1"," ","S","30","   465.6"," ","S","30","   522.3"," ","S","30","   609.2"," ","S","30","     0.1"," ","S","30","   113.7"," ","S","30","    56.7"," ","S","30","    24.6"," ","S","30","     8.1"," ","S","30","     4.8"," ","S","30","     1.7"," ","S","30","     0.0"," ","S","30","     0.0"," ","S","30","     0.1"," ","S","30","   113.7"," ","S","30","    56.7"," ","S","30","    24.6"," ","S","30","     8.1"," ","S","30","     4.8"," ","S","30","     1.7"," ","S","30","     0.0"," ","S","30","     0.0"," ","S","30","    70.3"," ","S","30","    55.4"," ","S","30","    48.8"," ","S","30","    73.8"," ","S","30","    91.9"," ","S","30","    98.9"," ","S","30","   100.0"," ","S","30","   100.0"," ","S","30","    2.78"," ","S","30","    12.6"," ","S","30","     6.4"," ","S","30","     3.7"," ","S","30","     1.6"," ","S","30","     0.5"," ","S","30","     0.0"," ","S","30","     0.0"," ","S","30","     0.0"," ","S","30","    2.06"," ","S","30","    2.70"," ","S","30","    3.39"," ","S","30","    1.91"," ","S","30","    2.43"," ","S","30","    3.02"," ","S","30","    3.51"," ","S","30","    2.32"," ","S","30","    3.18"," ","S","30","     5.1"," ","S","30","     3.4"," ","S","30","     1.7"," ","S","30","     0.6"," ","S","30","     0.4"," ","S","30","     0.3"," ","S","30","     0.3"," ","S","30","     0.0","X","S","30","     0.0"," ","S","30","     0.2"," ","S","30","     3.6"," ","S","30","     7.6"," ","S","30","     0.0"," ","S","30","     1.7"," ","S","30","     5.8"," ","S","30","     9.4"," ","S","30","     1.0"," ","S","30","     6.4"," ","S","30","     2.8"," ","S","30","     1.8"," ","S","30","     1.1"," ","S","30","     0.7"," ","S","30","     0.4"," ","S","30","     0.0"," ","S","30","     0.0"," ","S","30"
"USW00014848","12"," 41.7072"," -86.3164"," 235.6","SOUTH BEND MICHIANA RGNL AP, IN US","12","99","99","    29.6"," ","S","30","    36.3"," ","S","30","    23.0"," ","S","30","    13.3"," ","S","30","     4.8"," ","S","30","     4.8"," ","S","30","     5.0"," ","S","30","     1.8"," ","S","30","     0.9"," ","S","30","     3.7"," ","S","30","    10.0"," ","S","30","    25.2"," ","S","30","    29.8"," ","S","30","    30.8"," ","S","30","    31.0"," ","S","30","    31.0"," ","S","30","    22.0"," ","S","30","    11.8"," ","S","30","     4.0"," ","S","30","     0.8"," ","S","30","     0.0","X","S","30","     0.0"," ","S","30","     0.0"," ","S","30","     0.0"," ","S","30","    10.2"," ","S","30","  1095.8"," ","S","30","   342.8"," ","S","30","   484.2"," ","S","30","   633.5"," ","S","30","   786.4"," ","S","30","   848.0"," ","S","30","   940.8"," ","S","30","     0.0"," ","S","30","    22.0"," ","S","30","     8.4"," ","S","30","     2.7"," ","S","30","     0.7"," ","S","30","     0.3"," ","S","30","     0.1"," ","S","30","     0.0"," ","S","30","     0.0"," ","S","30","     0.0"," ","S","30","    22.0"," ","S","30","     8.4"," ","S","30","     2.7"," ","S","30","     0.7"," ","S","30","     0.3"," ","S","30","     0.1"," ","S","30","     0.0"," ","S","30","     0.0"," ","S","30","    13.2"," ","S","30","     9.1"," ","S","30","    97.0"," ","S","30","    99.7"," ","S","30","   100.0"," ","S","30","   100.0"," ","S","30","   100.0"," ","S","30","   100.0"," ","S","30","    2.40"," ","S","29","    14.8"," ","S","30","     6.0"," ","S","30","     3.0"," ","S","30","     1.2"," ","S","30","     0.3"," ","S","30","     0.0"," ","S","30","     0.0"," ","S","30","     0.0"," ","S","30","    1.82"," ","S","29","    2.24"," ","S","29","    2.73"," ","S","29","    1.78"," ","S","29","    2.10"," ","S","29","    2.35"," ","S","29","    2.93"," ","S","29","    1.96"," ","S","29","    2.54"," ","S","29","    13.7"," ","S","27","     9.0"," ","S","29","     4.5"," ","S","29","     2.3"," ","S","29","     1.5"," ","S","29","     0.8"," ","S","29","     0.5"," ","S","29","     0.0","X","S","29","     0.0"," ","S","29","     6.6"," ","S","27","    11.6"," ","S","27","    19.4"," ","S","27","     4.3"," ","S","27","    10.5"," ","S","27","    15.2"," ","S","27","    20.0"," ","S","27","     9.0"," ","S","27","    17.5"," ","S","27","    10.4"," ","S","29","     7.6"," ","S","29","     5.2"," ","S","29","     3.6"," ","S","29","     2.5"," ","S","29","     0.3"," ","S","29","     0.0"," ","S","29"
